1	1	1
2	2	2
3	3	3
4	4	4
5	5	6
6	6	7
7	7	8
8	8	10
9	9	11
10	10	13
11	11	14
12	12	16
13	13	17
14	14	19
15	15	20
16	16	22
17	17	24
18	18	25
19	19	27
20	20	28
21	21	30
22	22	32
23	23	33
24	24	35
25	25	37
26	26	38
27	27	40
28	28	42
29	29	44
30	30	45
31	31	47
32	32	48
33	33	50
34	34	52
35	35	54
36	36	55
37	37	57
38	38	59
39	39	60
40	40	63
41	41	65
42	42	66
43	43	68
44	44	70
45	45	71
46	46	71
47	47	74
48	48	77
49	49	79
50	50	79
51	51	82
52	52	85
53	53	85
54	54	87
55	55	89
56	56	92
57	57	94
58	58	96
59	59	95
60	60	98
61	61	101
62	62	102
63	63	102
64	64	105
65	65	109
66	66	110
67	67	111
68	68	114
69	69	112
70	70	113
71	71	118
72	72	121
73	73	124
74	74	121
75	75	127
76	76	128
77	77	131
78	78	129
79	79	134
80	80	135
81	81	138
82	82	139
83	83	141
84	84	142
85	85	144
86	86	146
87	87	150
88	88	152
89	89	151
90	90	152
91	91	157
92	92	157
93	93	156
94	94	147
95	95	164
96	96	165
97	97	169
98	98	166
99	99	151
100	100	174
101	101	170
102	102	179
103	103	180
104	104	176
105	105	185
106	106	188
107	107	188
108	108	188
109	109	192
110	110	188
111	111	186
112	112	195
113	113	194
114	114	193
115	115	203
116	116	200
117	117	198
118	118	172
119	119	211
120	120	211
121	121	198
122	122	212
123	123	213
124	124	217
125	125	215
126	126	227
127	127	221
128	128	227
129	129	216
130	130	231
131	131	222
132	132	243
133	133	229
134	134	233
135	135	228
136	136	234
137	137	245
138	138	242
139	139	254
140	140	251
141	141	248
142	142	255
143	143	256
144	144	258
145	145	262
146	146	260
147	147	252
148	148	256
149	149	270
150	150	259
151	151	262
152	152	271
153	153	267
154	154	271
155	155	280
156	156	280
157	157	286
158	158	282
159	159	275
160	160	276
161	161	290
162	162	290
163	163	289
164	164	279
165	165	291
166	166	279
167	167	304
168	168	309
169	169	298
170	170	292
171	171	299
172	172	308
173	173	300
174	174	302
175	175	334
176	176	323
177	177	324
178	178	336
179	179	313
180	180	297
181	181	306
182	182	321
183	183	324
184	184	334
185	185	316
186	186	330
187	187	329
188	188	324
189	189	317
190	190	331
191	191	337
192	192	360
193	193	310
194	194	356
195	195	357
196	196	328
197	197	335
198	198	365
199	199	349
200	200	360
201	201	341
202	202	341
203	203	360
204	204	348
205	205	352
206	206	353
207	207	341
208	208	371
209	209	371
210	210	384
211	211	370
212	212	383
213	213	358
214	214	372
215	215	395
216	216	384
217	217	376
218	218	379
219	219	386
220	220	395
221	221	420
222	222	363
223	223	385
224	224	388
225	225	361
226	226	365
227	227	431
228	228	401
229	229	401
230	230	407
231	231	395
232	232	384
233	233	439
234	234	388
235	235	390
236	236	409
237	237	451
238	238	402
239	239	400
240	240	369
241	241	410
242	242	417
243	243	435
244	244	420
245	245	477
246	246	397
247	247	430
248	248	468
249	249	375
250	250	409
251	251	460
252	252	463
253	253	450
254	254	413
255	255	441
256	256	451
257	257	499
258	258	478
259	259	494
260	260	476
261	261	410
262	262	464
263	263	456
264	264	444
265	265	531
266	266	460
267	267	521
268	268	463
269	269	438
270	270	473
271	271	474
272	272	480
273	273	491
274	274	511
275	275	510
276	276	441
277	277	416
278	278	410
279	279	500
280	280	507
281	281	471
282	282	468
283	283	462
284	284	390
285	285	503
286	286	505
287	287	516
288	288	536
289	289	546
290	290	553
291	291	496
292	292	489
293	293	449
294	294	469
295	295	544
296	296	499
297	297	427
298	298	540
299	299	505
300	300	509
301	301	605
302	302	580
303	303	524
304	304	444
305	305	539
306	306	518
307	307	617
308	308	575
309	309	529
311	311	428
312	312	548
313	313	524
314	314	640
315	315	495
316	316	478
317	317	653
318	318	525
319	319	520
320	320	573
321	321	587
322	322	496
323	323	573
324	324	477
325	325	576
326	326	562
327	327	594
328	328	657
329	329	581
330	330	612
331	331	559
332	332	662
333	333	526
334	334	623
335	335	596
336	336	461
337	337	618
338	338	662
339	339	521
340	340	580
342	342	675
343	343	572
344	344	694
345	345	627
346	346	469
347	347	575
348	348	440
349	349	570
350	350	531
351	351	595
352	352	542
353	353	595
354	354	614
355	355	579
356	356	478
357	357	417
358	358	555
359	359	464
360	360	513
362	362	523
363	363	571
364	364	660
365	365	503
366	366	569
368	368	574
369	369	593
370	370	601
371	371	769
372	372	582
373	373	803
374	374	871
375	375	581
376	376	504
377	377	667
378	378	635
379	379	576
381	381	633
382	382	547
383	383	681
384	384	522
385	385	634
386	386	556
387	387	488
388	388	543
389	389	571
390	390	683
391	391	545
392	392	767
393	393	537
394	394	618
395	395	556
396	396	834
399	399	629
400	400	661
401	401	792
404	404	472
405	405	591
407	407	565
409	409	763
410	410	532
411	411	711
412	412	624
413	413	577
414	414	614
415	415	531
416	416	667
418	418	782
419	419	636
420	420	599
421	421	603
422	422	639
423	423	693
425	425	590
426	426	591
427	427	576
428	428	653
429	429	680
430	430	632
431	431	815
432	432	709
433	433	680
434	434	572
435	435	691
436	436	729
437	437	801
438	438	943
439	439	679
440	440	649
441	441	613
445	445	584
446	446	802
447	447	629
448	448	619
449	449	672
451	451	934
452	452	778
453	453	887
454	454	750
455	455	674
457	457	688
458	458	756
459	459	714
460	460	852
461	461	610
463	463	920
465	465	573
466	466	1195
467	467	802
468	468	703
471	471	746
472	472	620
473	473	660
474	474	753
2523	2523	4296
476	476	858
477	477	813
479	479	871
480	480	617
481	481	679
483	483	657
485	485	676
486	486	707
488	488	747
489	489	804
490	490	736
491	491	803
493	493	783
494	494	725
497	497	940
498	498	633
499	499	962
500	500	754
503	503	965
505	505	721
506	506	806
510	510	1067
513	513	760
515	515	858
516	516	1050
699	699	1186
518	518	753
519	519	711
520	520	773
522	522	974
524	524	752
10766	10766	18178
527	527	710
529	529	836
530	530	786
533	533	830
534	534	837
535	535	688
536	536	763
538	538	772
539	539	795
541	541	845
545	545	821
547	547	1246
548	548	761
2598	2598	4255
27176	27176	46083
553	553	938
554	554	1179
556	556	765
558	558	1108
560	560	778
566	566	759
569	569	820
573	573	984
575	575	706
578	578	1202
579	579	777
580	580	754
583	583	834
584	584	868
587	587	769
588	588	1094
590	590	1345
591	591	785
592	592	802
597	597	849
598	598	783
599	599	865
600	600	759
602	602	956
606	606	1137
607	607	1028
608	608	803
610	610	945
617	617	806
620	620	890
623	623	856
624	624	864
625	625	907
627	627	803
628	628	773
629	629	807
630	630	1033
631	631	888
634	634	965
635	635	889
637	637	871
638	638	827
639	639	1194
644	644	1219
657	657	972
659	659	893
665	665	973
672	672	1103
675	675	982
676	676	1073
678	678	1209
686	686	933
689	689	1097
692	692	852
695	695	1038
696	696	992
697	697	886
8891	8891	15573
706	706	1243
707	707	1057
708	708	1028
710	710	994
712	712	995
713	713	1326
719	719	922
721	721	944
729	729	997
730	730	1051
731	731	1109
732	732	1053
734	734	1277
742	742	1008
745	745	1081
748	748	1032
752	752	1009
757	757	1096
758	758	1218
765	765	1067
767	767	1059
768	768	1293
2176	2176	4005
771	771	1099
780	780	1155
791	791	995
792	792	1151
793	793	1106
796	796	1147
800	800	1040
801	801	1308
802	802	1116
803	803	1381
804	804	1233
812	812	1146
815	815	1195
824	824	1450
827	827	1249
828	828	1291
4927	4927	9610
836	836	1420
11077	11077	18069
845	845	1261
852	852	1124
858	858	1211
863	863	1492
864	864	1519
867	867	1500
870	870	1192
874	874	1205
2926	2926	4948
879	879	1281
887	887	1472
892	892	1343
895	895	1360
915	915	1328
919	919	1457
837	837	1200
932	932	1490
946	946	1359
953	953	1807
954	954	1473
955	955	1437
958	958	1588
959	959	1248
965	965	1722
967	967	1156
3018	3018	5115
973	973	1381
3032	3032	5508
989	989	1503
991	991	1434
995	995	1511
999	999	1353
1002	1002	1416
1008	1008	1431
1012	1012	1374
1014	1014	1440
1018	1018	1328
1029	1029	1416
1030	1030	1852
1045	1045	1516
1053	1053	1492
1057	1057	1363
1062	1062	1530
6322	6322	10493
1071	1071	1384
1079	1079	1613
6325	6325	11430
1092	1092	1947
1096	1096	1484
526	526	952
1111	1111	1482
1118	1118	1355
1122	1122	2056
1126	1126	1827
5233	5233	8635
1144	1144	1632
1146	1146	1784
1150	1150	1838
1160	1160	1556
1167	1167	1551
5264	5264	9367
1169	1169	1996
1171	1171	1854
1172	1172	1524
1177	1177	1610
1185	1185	1569
1187	1187	2110
1200	1200	1920
1212	1212	1599
3265	3265	5365
1223	1223	1533
5322	5322	8234
8397	8397	14370
1246	1246	2096
1251	1251	1612
2906	2906	4861
1264	1264	2047
2429	2429	3757
1290	1290	1674
1305	1305	2317
1316	1316	1696
1318	1318	1949
1335	1335	2058
1337	1337	1666
2271	2271	2927
1350	1350	1766
2273	2273	3655
2805	2805	4586
1390	1390	1753
1415	1415	2424
1438	1438	1874
1439	1439	2282
1454	1454	2028
7608	7608	12767
1481	1481	2730
1498	1498	1776
5613	5613	9018
3572	3572	6405
14592	14592	24306
1589	1589	2401
1605	1605	2585
1617	1617	2429
1633	1633	2108
1685	1685	2220
1704	1704	3130
1717	1717	3216
5820	5820	9119
1742	1742	2478
11991	11991	19509
26744	26744	52860
7936	7936	13094
1846	1846	2790
3383	3383	6113
2707	2707	4593
3066	3066	5071
2025	2025	3889
